1 
1, 18.51, 22.01, 0.85
2, 21.51, 22.01, 0.71
3, 24.50, 22.00, 0.47
4, 27.49, 22.01, 0.86
5, 30.49, 22.03, 0.79
 
2 
1, 18.50, 20.00, 0.64
2, 21.50, 19.99, 0.86
3, 24.49, 19.99, 0.80
4, 27.50, 20.00, 0.79
5, 30.48, 20.02, 0.74
 
3 
1, 18.51, 16.00, 0.90
2, 21.50, 16.01, 0.53
3, 24.49, 15.99, 0.95
4, 27.49, 16.02, 0.85
5, 30.50, 16.02, 0.70
 
4 
1, 18.48, 16.00, 0.50
2, 21.51, 16.01, 0.71
3, 24.49, 15.99, 0.94
4, 27.49, 16.02, 1.02
5, 30.50, 16.02, 0.49
 
5 
1, 18.50, 13.99, 0.90
2, 21.49, 14.00, 0.53
3, 24.50, 13.99, 0.95
4, 27.49, 14.01, 0.85
5, 30.48, 14.03, 0.70
 
6 
1, 18.51, 12.00, 0.67
2, 21.50, 12.00, 0.89
3, 24.48, 11.98, 0.58
4, 27.49, 12.01, 1.02
5, 30.49, 12.02, 0.55
 
7 
1, 18.51, 10.00, 0.97
2, 21.51, 10.00, 0.77
3, 24.50, 10.01, 0.60
4, 27.48, 10.00, 0.67
5, 30.50, 10.03, 0.87
 
